AGGACT	4	1	8	5
AGGGCT	256	283	27	94
AGGGTT	1	150	175	191
AGTACT	2	10	120	29
AGTGCT	1	0	0	3
AGTGTT	0	0	5	3
AAGGCT	0	0	0	39
AAGGTT	0	0	0	44
AATACC	0	0	0	1
AATACT	0	0	0	38
AATGTT	0	0	0	2
AGGGCC	0	0	0	2
X	0	0	1	7GGG	5	4	3	3
GGA	0	0	1	0
GTA	0	0	1	0
AGG	0	0	0	4
ATA	0	0	0	1
X	0	0	0	0GAC	10	27	119	97
GGC	773	518	75	240
GGT	24	339	449	508
TAC	21	74	427	251
TGC	100	123	126	183
TGT	2	59	553	291
X	1	1	1	0ACT	275	594	2686	1774
GCT	4015	2816	533	1384
GTT	86	1619	2457	2419
ACC	0	0	0	21
GCC	0	0	0	77
X	0	2	1	30AG	4293	4236	4268	2215
AT	3	1	41	2508
GG	3	14	8	4
X	0	1	0	3GA	118	112	156	53
GC	1	0	0	0
TA	0	0	4	98
X	0	1	0	19AA	2	1	1	1133
AG	2620	3600	3607	2748
X	0	1	1	11GG	828	820	476	585
GT	21	49	305	88
AG	0	0	0	286
AT	0	0	0	119
X	0	0	1	0GA	1	1	2	2
GG	32	18	11	17
TG	1	0	7	5
TA	0	0	3	3
X	0	0	0	0AC	222	516	3003	1894
AT	1	0	1	2
GC	5952	4667	921	2276
GT	121	2940	4034	4310
X	1	3	3	2CT	59	33	21	25
TT	2	21	38	33
CC	0	0	0	3
X	0	0	0	0AGGAC	11	27	113	75
AGGGC	1017	925	165	358
AGGGT	23	594	756	672
AGTAC	29	63	426	100
AGTGC	21	37	34	27
AGTGT	1	23	150	39
CGGGC	1	0	0	0
AATGC	0	1	0	33
AATGT	0	0	1	47
AGGAT	0	0	1	0
AAGGC	0	0	0	83
AAGGT	0	0	0	194
AATAC	0	0	0	138
X	0	0	0	28A	6768	7350	7666	7830
G	4	28	13	6
X	0	0	0	0G	6421	7497	7369	3729
T	4	1	69	5028
X	1	0	1	2A	473	428	439	489
X	0	0	1	7G	8	17	16	8
A	0	0	0	7
X	0	0	0	0G	2318	2460	1573	2087
T	105	251	1367	818
X	1	2	0	0A	2	6	43	23
G	168	148	76	118
X	0	0	0	0C	63	29	34	18
T	1	12	23	28
X	0	0	0	0C	7	0	4	355
T	7557	9047	8289	8741
X	0	0	0	0GGACT	1	0	1	1
GGGCT	44	52	7	19
GGGTT	0	27	29	49
GTACT	0	2	21	13
AGGCT	0	0	0	17
AGGTT	0	0	0	17
ATACT	0	0	0	12
ATGCT	0	0	0	1
GGGCC	0	0	0	5
GTGCT	0	0	0	1
X	0	0	0	1GAGG	775	1053	1093	194
GAGT	25	59	403	79
TAGG	1	0	20	754
GAAG	0	2	0	300
TAGT	0	0	4	67
GAAT	0	0	0	122
TAAG	0	0	0	60
TAAT	0	0	0	50
X	0	2	0	2AGGA	2	0	0	1
AGGG	35	39	18	22
AGTA	1	0	17	1
AGTG	1	0	1	1
AAGA	0	0	0	2
AAGG	0	0	0	7
AATA	0	0	0	1
AATG	0	0	0	1
X	0	0	0	0GGAC	3	3	22	6
GGGC	164	126	23	59
GGGT	4	90	126	98
GTAC	3	17	89	35
GTGC	4	10	7	4
GTGT	0	1	22	3
AGGC	0	0	0	54
AGGT	0	0	0	108
ATAC	0	0	0	37
ATGC	0	0	0	14
ATGT	0	0	0	23
X	0	0	0	2GACT	4	4	25	16
GGCT	228	191	21	85
GGTT	4	108	145	170
TACT	14	22	147	86
TGCT	9	5	8	12
TGTT	1	8	51	36
GGCC	0	0	0	5
TACC	0	0	0	1
X	0	1	0	1GAA	1	0	1	223
GAG	809	821	869	244
TAG	0	0	18	597
TAA	0	0	0	85
X	1	0	1	1AGG	6837	6187	4791	4433
AGT	140	395	2270	597
CGG	1	0	0	0
AAG	0	2	3	1361
AAT	0	3	0	793
X	1	3	4	18